statistic,sample_mean,sample_std,q025,q500,q975,num_finite_samples
overall_mean_magnetization,0.32227,0.006433280656088309,0.312564,0.32272,0.33143,8
post_intervention_mean_magnetization,,,,,,0
