statistic,sample_mean,sample_std,q025,q500,q975,num_finite_samples
overall_mean_magnetization,0.42367999999999995,0.008684791304343473,0.41352,0.42256000000000005,0.43953,16
post_intervention_mean_magnetization,,,,,,0
