start_index,seed,initialization_kind,initial_mple_loss,initial_penalized_objective,final_mple_loss,final_penalized_objective,iterations,cost_evaluations,success,message,is_best
0,0,random,0.8109710497621981,0.8112360302947714,0.5885349767869192,0.6169224077928961,270,1891,True,CONVERGED: alternating objective tolerance reached,True
