start_index,seed,initialization_kind,initial_mple_loss,initial_penalized_objective,final_mple_loss,final_penalized_objective,iterations,cost_evaluations,success,message,is_best
0,0,random,0.8192605980501927,0.81928708842686,0.5103159864439843,0.5383233858709026,360,2521,True,CONVERGED: alternating objective tolerance reached,True
